Experiments Number: 150
Dimension: 1000
========Sequential========
0
0
0
0
0
0
0
0
0
0
0
0
0
0
0
0
0
0
0
0
0
0
0
0
0
0
0
0
0
0
0
0
0
0
0
0
0
0
0
0
0
0
0
0
0
0
0
0
0
0
0
0
0
0
0
0
0
0
0
0
0
0
0
0
0
0
0
0
0
0
0
0
0
0
0
0
0
0
0
0
0
0
0
0
0
0
0
0
0
0
0
0
0
0
0
0
0
0
0
0
0
0
0
0
0
0
0
0
0
0
0
0
0
0
0
0
0
0
0
0
0
0
0
0
0
0
0
0
0
0
0
0
0
0
0
0
0
0
0
0
0
0
0
0
0
0
0
0
0
0
========Parallel========
1188
0
0
0
0
0
0
0
0
0
0
0
0
0
0
0
0
0
0
0
0
0
0
0
0
0
0
0
0
0
0
0
0
0
0
0
0
0
0
0
0
0
0
0
0
0
0
0
0
0
0
0
0
0
0
0
0
0
0
0
0
0
0
0
0
0
0
0
0
0
0
0
0
0
0
0
0
0
0
0
1
0
0
0
0
0
0
0
0
0
0
0
0
0
0
0
0
0
0
0
0
0
0
0
0
0
0
0
0
16
0
0
0
0
0
0
0
0
0
0
0
0
0
0
0
0
0
0
0
0
0
0
0
0
0
0
7
0
0
0
0
0
0
0
0
0
0
0
0
0
Dimension: 2000
========Sequential========
0
0
0
0
0
0
0
0
0
0
0
0
0
0
0
0
0
0
0
0
0
0
0
0
0
0
0
0
0
0
0
0
0
0
0
0
0
0
0
0
0
0
0
0
0
0
0
0
0
0
0
0
0
0
0
0
0
0
0
0
0
0
0
0
0
0
0
0
0
0
0
0
0
0
0
0
0
0
0
0
0
0
0
0
0
0
0
0
0
0
0
0
0
0
0
0
0
0
0
0
0
0
0
0
0
0
0
0
0
0
0
0
0
0
0
0
0
0
0
0
0
0
0
0
0
0
0
0
0
0
0
0
0
0
0
0
0
0
0
0
0
0
0
0
0
0
0
0
0
0
========Parallel========
0
0
0
0
0
0
0
0
0
0
0
0
0
0
0
0
0
0
0
0
0
0
0
0
0
0
0
0
0
0
0
0
0
0
0
0
0
0
0
0
0
0
0
0
0
0
0
0
0
0
0
0
2
0
0
0
23
1
0
0
0
0
0
0
0
0
0
0
0
0
0
0
0
0
0
0
0
0
0
0
0
0
0
0
0
0
0
0
0
0
0
0
0
0
0
0
0
0
0
0
0
0
0
0
0
0
0
0
0
0
0
0
0
0
0
0
0
0
0
0
0
0
0
0
0
0
1
0
0
0
0
0
0
0
0
0
0
0
0
0
0
1
0
0
0
0
0
0
0
0
Dimension: 5000
========Sequential========
0
0
0
0
0
0
0
0
0
0
0
0
0
0
0
0
0
0
0
0
0
0
0
0
0
0
0
0
0
0
0
0
0
0
1
0
0
0
0
0
0
0
0
0
0
0
0
0
0
0
0
0
0
0
0
0
0
1
0
0
0
0
0
0
0
0
0
0
0
0
0
0
0
0
0
0
1
1
1
1
0
0
0
0
0
0
0
0
0
0
0
0
0
0
0
0
0
0
0
0
0
0
0
0
0
0
0
0
0
0
0
0
0
0
0
0
0
0
0
0
0
0
0
0
0
0
0
0
0
0
0
0
0
0
0
0
0
0
0
0
1
1
0
1
1
1
1
1
0
0
========Parallel========
0
0
0
1
0
0
0
0
0
0
0
2
0
0
0
0
0
0
1
0
2
6
1
1
0
0
0
1
1
1
1
1
0
1
0
0
0
1
0
1
0
1
1
1
1
0
0
0
0
0
1
1
0
0
0
1
0
0
0
0
0
1
0
0
0
0
1
0
0
0
0
0
1
0
0
0
0
0
0
0
0
0
0
1
0
1
0
0
0
1
0
0
0
0
1
0
0
0
0
0
1
0
0
0
0
0
1
0
0
0
0
1
0
0
0
0
0
1
0
0
0
0
1
0
0
1
1
1
1
1
0
0
0
1
0
0
0
0
0
1
0
0
0
0
0
1
0
0
0
0
Dimension: 10000
========Sequential========
1
1
1
1
1
1
1
1
1
1
2
2
2
2
2
2
2
2
2
1
1
1
1
1
1
1
1
1
1
1
1
1
1
2
1
1
1
1
1
1
2
1
1
1
1
1
1
1
1
1
1
1
1
1
1
2
2
2
2
1
2
1
1
1
1
1
1
1
1
2
2
1
2
2
1
2
2
1
1
1
1
1
1
1
1
2
1
1
1
1
1
1
1
1
1
4
1
1
2
1
2
2
1
1
1
1
1
1
1
1
1
1
1
1
1
1
1
1
1
1
2
1
1
1
1
1
1
1
1
1
1
1
1
1
1
1
1
1
1
1
1
1
1
1
1
1
1
1
1
1
========Parallel========
1
1
1
1
1
1
1
1
2
1
1
1
1
2
1
1
1
1
2
1
1
2
1
1
1
1
2
1
2
1
1
1
1
1
1
1
2
1
1
1
1
1
1
1
1
1
2
1
1
2
1
1
1
1
2
1
1
1
1
1
1
2
2
1
1
1
1
2
1
1
1
1
2
1
1
2
1
1
1
1
2
1
2
1
1
2
1
1
1
1
2
1
1
2
2
2
1
1
1
1
2
1
1
1
1
1
1
1
2
1
1
2
1
2
1
1
2
1
1
1
1
2
1
1
1
1
2
1
1
2
1
2
1
1
2
1
1
1
1
1
1
1
1
1
1
1
1
2
1
2
Dimension: 20000
========Sequential========
3
3
3
4
4
3
3
3
3
3
3
3
3
3
3
4
3
3
3
3
3
4
3
3
3
3
3
3
3
3
4
3
4
3
3
3
4
4
4
4
6
4
3
3
3
3
7
3
3
3
3
3
5
4
3
4
5
5
5
5
4
3
3
4
3
3
4
3
3
3
3
3
3
4
3
3
3
3
3
3
3
3
4
3
3
3
3
3
3
3
3
3
3
3
3
3
3
3
3
3
3
3
3
3
3
3
3
3
3
3
3
3
3
3
3
4
4
4
3
3
3
3
3
3
3
3
3
3
3
4
3
3
3
3
3
3
3
3
3
3
3
3
3
3
3
3
3
3
3
3
========Parallel========
2
3
8
5
2
4
2
3
3
3
2
3
4
4
6
3
3
2
4
3
4
3
3
3
3
2
2
3
3
2
3
2
3
2
2
3
2
4
3
2
2
2
2
2
3
2
2
3
2
3
2
4
2
3
3
3
3
3
2
2
4
3
3
4
3
3
3
3
2
2
3
4
2
3
3
3
4
3
2
4
4
3
3
3
3
3
4
3
3
3
3
3
3
4
3
3
3
3
2
3
2
3
2
3
2
2
3
3
3
3
3
3
3
3
2
2
4
3
2
2
3
2
3
4
4
3
3
3
2
3
3
2
3
2
3
2
3
3
3
4
2
2
2
3
3
3
3
3
3
3
Dimension: 50000
========Sequential========
11
15
12
11
11
11
12
11
12
11
11
12
11
11
14
12
11
12
13
11
11
11
11
11
11
11
12
12
11
13
11
11
11
11
11
11
11
11
12
13
11
11
11
13
15
11
11
13
11
11
11
12
11
12
12
13
12
11
11
11
11
11
16
11
11
11
11
11
11
12
13
11
12
11
11
11
11
11
14
12
12
15
11
12
12
12
11
11
14
11
11
11
11
11
11
11
11
14
16
11
11
13
11
13
12
13
11
11
11
11
12
13
11
11
11
11
11
12
11
12
12
12
11
11
11
11
11
11
15
11
11
11
11
11
11
11
11
12
12
11
11
15
12
19
17
19
15
13
11
11
========Parallel========
9
11
9
9
12
9
10
11
8
10
11
10
8
8
12
8
8
9
9
9
10
10
13
10
12
11
9
8
8
9
9
8
8
12
11
8
9
17
9
9
9
10
15
10
11
11
10
9
9
13
13
10
15
9
10
11
12
11
8
13
10
11
9
9
11
11
12
10
11
10
12
9
11
12
11
7
11
10
10
15
13
8
10
9
7
13
14
11
11
16
10
14
12
9
10
8
8
11
10
10
11
8
12
9
9
10
13
11
9
10
10
12
12
11
12
11
10
10
9
9
8
9
9
12
10
8
12
16
18
22
16
10
11
9
11
10
9
9
11
12
9
11
12
14
13
25
12
10
9
10
Dimension: 75000
========Sequential========
21
21
20
19
19
19
20
20
20
20
21
20
20
20
20
20
20
20
21
26
20
21
21
21
19
19
20
21
26
20
19
20
19
21
19
20
22
21
20
19
20
19
19
20
20
23
22
19
21
20
20
19
19
20
21
20
19
20
19
19
20
20
20
20
20
20
19
19
20
20
19
20
23
20
20
20
20
19
19
20
20
21
21
20
20
20
19
20
23
20
23
19
20
21
19
20
20
19
20
22
20
20
20
20
20
20
20
20
26
21
25
20
20
20
19
19
21
22
20
19
20
20
20
19
19
22
20
20
20
20
20
20
19
20
23
21
20
20
20
20
20
21
20
24
20
20
20
20
20
19
========Parallel========
16
16
21
19
16
18
17
16
15
16
14
14
19
26
15
17
15
16
16
21
17
16
20
20
23
17
16
15
18
17
14
15
23
19
22
16
15
15
17
19
19
19
15
18
21
18
15
15
19
17
16
16
16
16
23
22
16
17
16
15
18
15
15
15
19
17
19
15
18
14
16
16
16
14
16
18
17
15
16
19
17
17
14
13
15
18
18
16
19
24
16
14
18
22
13
19
19
19
15
26
25
18
24
18
19
17
17
20
16
14
18
16
13
18
20
16
17
22
23
15
18
15
16
20
18
17
21
23
18
18
16
16
16
19
14
15
24
16
14
18
17
13
18
14
17
13
16
26
14
18
Dimension: 100000
========Sequential========
30
30
33
49
34
32
30
30
29
32
34
32
31
31
30
31
33
30
30
35
35
33
35
31
30
33
30
30
32
36
35
31
30
30
35
32
30
30
33
37
39
31
31
30
34
32
33
29
34
35
35
39
30
30
30
30
31
31
33
30
30
30
32
33
30
31
35
35
31
34
30
30
30
31
35
44
31
30
32
29
37
31
33
39
43
37
32
39
33
32
38
45
40
38
37
42
39
36
35
40
39
34
33
35
36
44
35
36
33
30
31
33
30
30
30
30
34
31
30
31
31
30
35
32
31
33
38
31
42
31
30
30
29
37
33
31
30
31
31
36
30
30
30
30
30
33
31
30
30
30
========Parallel========
22
21
28
23
27
20
27
22
24
23
27
23
24
23
22
28
32
24
32
34
31
26
25
24
28
21
22
22
22
23
21
28
28
29
20
25
22
22
20
23
25
31
21
24
22
23
27
22
22
24
23
28
22
31
28
23
32
22
27
28
23
23
21
28
29
23
20
28
25
33
24
22
33
21
21
28
27
26
23
21
24
23
24
25
24
23
25
21
22
21
25
25
25
30
20
32
27
25
24
25
23
21
23
20
25
29
21
23
24
23
26
26
23
31
24
24
23
24
23
27
26
25
28
21
21
21
21
22
32
26
23
23
28
23
26
24
22
22
30
24
23
25
25
26
26
26
22
24
23
30
